4 1
4 0
4 0
4 0
4 0
4 1
4 0
4 0
4 0
4 0
16 1
16 0
16 1
16 1
16 1
16 0
16 1
16 1
16 0
16 1
36 1
36 0
36 1
36 2
36 2
36 2
36 0
36 0
36 1
36 0
64 3
64 1
64 0
64 0
64 0
64 0
64 1
64 1
64 1
64 0
100 1
100 2
100 1
100 1
100 0
100 0
100 1
100 1
100 0
100 1
144 1
144 1
144 1
144 0
144 0
144 2
144 1
144 1
144 2
144 1
196 2
196 1
196 1
196 1
196 1
196 2
196 1
196 2
196 1
196 2
256 3
256 0
256 3
256 4
256 1
256 2
256 4
256 1
256 3
256 1
324 2
324 2
324 1
324 2
324 1
324 1
324 1
324 0
324 2
324 2
400 2
400 0
400 9
400 4
400 5
400 4
400 3
400 2
400 3
400 1
484 4
484 6
484 0
484 3
484 7
484 1
484 3
484 1
484 5
484 0
576 2
576 1
576 4
576 4
576 6
576 1
576 8
576 2
576 6
576 11
676 6
676 9
676 2
676 3
676 12
676 1
676 13
676 17
676 12
676 2
784 4
784 7
784 13
784 7
784 8
784 7
784 3
784 19
784 17
784 9
900 11
900 4
900 2
900 8
900 4
900 1
900 13
900 1
900 10
900 11
1024 14
1024 3
1024 16
1024 9
1024 20
1024 4
1024 18
1024 27
1024 5
1024 4
1156 2
1156 5
1156 12
1156 2
1156 21
1156 12
1156 30
1156 6
1156 25
1156 7
1296 1
1296 6
1296 5
1296 16
1296 14
1296 6
1296 7
1296 26
1296 7
1296 18
1444 19
1444 77
1444 17
1444 9
1444 37
1444 25
1444 4
1444 15
1444 31
1444 1
1600 33
1600 28
1600 11
1600 12
1600 10
1600 2
1600 5
1600 12
1600 24
1600 8
1764 44
1764 12
1764 48
1764 6
1764 3
1764 32
1764 63
1764 45
1764 35
1764 43
1936 26
1936 69
1936 60
1936 11
1936 15
1936 34
1936 23
1936 14
1936 6
1936 29
2116 26
2116 31
2116 34
2116 17
2116 5
2116 15
2116 52
2116 26
2116 32
2116 19
2304 16
2304 72
2304 44
2304 120
2304 79
2304 70
2304 17
2304 5
2304 5
2304 63
2500 12
2500 77
2500 15
2500 62
2500 66
2500 23
2500 51
2500 25
2500 36
2500 18
2704 34
2704 144
2704 52
2704 56
2704 64
2704 32
2704 59
2704 34
2704 85
2704 150
2916 64
2916 16
2916 60
2916 13
2916 54
2916 22
2916 54
2916 15
2916 85
2916 157
3136 31
3136 44
3136 19
3136 62
3136 14
3136 27
3136 11
3136 22
3136 54
3136 6
3364 51
3364 9
3364 130
3364 174
3364 46
3364 33
3364 50
3364 101
3364 100
3364 77
3600 281
3600 7
3600 82
3600 2
3600 207
3600 29
3600 33
3600 105
3600 54
3600 20
3844 184
3844 37
3844 40
3844 92
3844 173
3844 105
3844 206
3844 19
3844 95
3844 9
4096 70
4096 229
4096 29
4096 10
4096 94
4096 47
4096 27
4096 326
4096 99
4096 49
4356 103
4356 99
4356 8
4356 25
4356 40
4356 23
4356 43
4356 11
4356 5
4356 124
4624 150
4624 139
4624 255
4624 20
4624 49
4624 9
4624 179
4624 103
4624 16
4624 95
4900 20
4900 74
4900 34
4900 88
4900 37
4900 21
4900 250
4900 30
4900 34
4900 102
5184 311
5184 51
5184 156
5184 171
5184 2
5184 219
5184 55
5184 128
5184 14
5184 88
5476 88
5476 4
5476 52
5476 87
5476 164
5476 178
5476 5
5476 46
5476 85
5476 91
5776 117
5776 507
5776 41
5776 183
5776 90
5776 22
5776 8
5776 42
5776 278
5776 255
6084 80
6084 45
6084 118
6084 156
6084 184
6084 236
6084 274
6084 119
6084 378
6084 69
6400 350
6400 40
6400 306
6400 59
6400 31
6400 213
6400 322
6400 122
6400 239
6400 87
6724 101
6724 52
6724 70
6724 38
6724 175
6724 191
6724 311
6724 581
6724 280
6724 205
7056 341
7056 73
7056 162
7056 77
7056 368
7056 288
7056 267
7056 70
7056 377
7056 121
7396 397
7396 45
7396 4
7396 433
7396 319
7396 187
7396 93
7396 127
7396 91
7396 48
7744 506
7744 105
7744 175
7744 210
7744 35
7744 340
7744 156
7744 141
7744 442
7744 49
8100 379
8100 495
8100 105
8100 89
8100 109
8100 103
8100 257
8100 394
8100 132
8100 188
8464 83
8464 81
8464 19
8464 326
8464 29
8464 340
8464 247
8464 15
8464 247
8464 589
8836 37
8836 303
8836 256
8836 325
8836 452
8836 809
8836 110
8836 242
8836 943
8836 265
9216 566
9216 643
9216 94
9216 91
9216 387
9216 85
9216 229
9216 308
9216 195
9216 620
9604 736
9604 149
9604 265
9604 46
9604 245
9604 26
9604 687
9604 213
9604 82
9604 411
10000 197
10000 225
10000 81
10000 300
10000 65
10000 29
10000 94
10000 684
10000 25
10000 144
10404 586
10404 154
10404 113
10404 638
10404 1082
10404 57
10404 578
10404 190
10404 31
10404 1008
10816 151
10816 44
10816 447
10816 122
10816 381
10816 542
10816 188
10816 48
10816 209
10816 899
11236 855
11236 75
11236 220
11236 718
11236 168
11236 1533
11236 310
11236 751
11236 483
11236 215
11664 838
11664 1563
11664 1091
11664 222
11664 894
11664 501
11664 188
11664 263
11664 1177
11664 350
12100 904
12100 1519
12100 39
12100 29
12100 37
12100 427
12100 57
12100 42
12100 65
12100 34
12544 1058
12544 84
12544 583
12544 128
12544 341
12544 286
12544 626
12544 29
12544 791
12544 245
12996 402
12996 245
12996 514
12996 95
12996 88
12996 188
12996 396
12996 1059
12996 447
12996 1681
13456 319
13456 121
13456 1395
13456 1263
13456 36
13456 1230
13456 749
13456 918
13456 1188
13456 20
13924 200
13924 1470
13924 139
13924 1427
13924 111
13924 1284
13924 21
13924 129
13924 1509
13924 1706
14400 88
14400 48
14400 1881
14400 1036
14400 193
14400 19
14400 476
14400 2131
14400 1187
14400 1458
14884 1962
14884 1149
14884 226
14884 792
14884 1957
14884 151
14884 848
14884 272
14884 1387
14884 1511
15376 1804
15376 1285
15376 484
15376 811
15376 776
15376 732
15376 55
15376 819
15376 3556
15376 1693
15876 259
15876 1028
15876 1779
15876 238
15876 1753
15876 51
15876 1043
15876 124
15876 300
15876 2327
16384 502
16384 1348
16384 516
16384 1606
16384 119
16384 772
16384 1029
16384 1965
16384 123
16384 214
16900 307
16900 928
16900 513
16900 1183
16900 1138
16900 1544
16900 2020
16900 2147
16900 327
16900 1062
17424 639
17424 154
17424 213
17424 2074
17424 1053
17424 1723
17424 1048
17424 1145
17424 823
17424 936
17956 1759
17956 1451
17956 892
17956 220
17956 714
17956 1126
17956 497
17956 1801
17956 825
17956 653
18496 1804
18496 774
18496 1723
18496 2249
18496 1081
18496 169
18496 1559
18496 2579
18496 898
18496 49
19044 591
19044 1228
19044 738
19044 1635
19044 310
19044 1533
19044 2222
19044 570
19044 1246
19044 612
19600 412
19600 1514
19600 61
19600 1299
19600 2570
19600 294
19600 182
19600 305
19600 1159
19600 89
20164 866
20164 4073
20164 1144
20164 2827
20164 1770
20164 124
20164 1688
20164 723
20164 853
20164 499
20736 166
20736 1043
20736 1209
20736 712
20736 1065
20736 296
20736 1483
20736 94
20736 444
20736 814
21316 248
21316 1027
21316 1377
21316 188
21316 1261
21316 250
21316 2964
21316 363
21316 112
21316 289
21904 1605
21904 701
21904 1082
21904 1693
21904 202
21904 3429
21904 2697
21904 862
21904 832
21904 200
22500 1982
22500 845
22500 220
22500 2946
22500 1094
22500 131
22500 2556
22500 591
22500 3490
22500 1379
23104 660
23104 355
23104 1296
23104 1674
23104 2987
23104 1040
23104 116
23104 3830
23104 858
23104 2110
23716 738
23716 1712
23716 1087
23716 118
23716 1644
23716 896
23716 44
23716 131
23716 1094
23716 3031
24336 913
24336 75
24336 1329
24336 2926
24336 806
24336 59
24336 3153
24336 463
24336 240
24336 1245
24964 1298
24964 342
24964 1865
24964 396
24964 2461
24964 2739
24964 292
24964 1572
24964 1029
24964 2216
25600 350
25600 2135
25600 1265
25600 3621
25600 4455
25600 174
25600 2135
25600 4861
25600 4071
25600 292
26244 2310
26244 2168
26244 2214
26244 314
26244 2003
26244 87
26244 87
26244 1895
26244 2259
26244 4357
26896 1334
26896 1694
26896 1509
26896 434
26896 3282
26896 3713
26896 3093
26896 3013
26896 1659
26896 1762
27556 2065
27556 726
27556 2122
27556 2228
27556 580
27556 2197
27556 1431
27556 1175
27556 2093
27556 2898
28224 3058
28224 96
28224 4350
28224 3583
28224 439
28224 54
28224 558
28224 2158
28224 1235
28224 2753
28900 154
28900 3815
28900 3765
28900 785
28900 1344
28900 2481
28900 1732
28900 2107
28900 798
28900 48
29584 904
29584 2705
29584 394
29584 1276
29584 138
29584 1562
29584 5037
29584 254
29584 125
29584 390
30276 2962
30276 3694
30276 2706
30276 3723
30276 79
30276 5339
30276 456
30276 656
30276 216
30276 3212
30976 3332
30976 1646
30976 1592
30976 2400
30976 68
30976 3527
30976 1094
30976 253
30976 1578
30976 1285
31684 4978
31684 1528
31684 841
31684 3174
31684 2731
31684 6320
31684 2939
31684 2571
31684 2564
31684 1075
32400 2045
32400 1096
32400 1234
32400 849
32400 4315
32400 658
32400 1098
32400 587
32400 4511
32400 841
33124 5046
33124 3932
33124 3444
33124 1626
33124 374
33124 887
33124 2313
33124 4045
33124 1028
33124 6472
33856 1884
33856 2427
33856 2416
33856 2347
33856 4509
33856 1921
33856 446
33856 3721
33856 1347
33856 3973
34596 5223
34596 3859
34596 1458
34596 917
34596 3033
34596 1712
34596 3516
34596 4307
34596 454
34596 1684
35344 434
35344 301
35344 6422
35344 376
35344 2504
35344 1626
35344 4817
35344 2921
35344 1380
35344 2927
36100 2179
36100 176
36100 1261
36100 5339
36100 5295
36100 2008
36100 125
36100 5486
36100 1495
36100 1481
36864 7110
36864 336
36864 2882
36864 2466
36864 1317
36864 1675
36864 436
36864 2396
36864 2161
36864 2793
37636 5050
37636 269
37636 2915
37636 6579
37636 2601
37636 6587
37636 6483
37636 2893
37636 1268
37636 3109
38416 937
38416 3907
38416 846
38416 1036
38416 3292
38416 6159
38416 634
38416 380
38416 570
38416 33
39204 461
39204 881
39204 1028
39204 4316
39204 3356
39204 1291
39204 3493
39204 4204
39204 1201
39204 98
40000 636
40000 3862
40000 501
40000 8048
40000 2808
40000 5504
40000 1535
40000 6290
40000 4175
40000 6041
40804 821
40804 811
40804 4766
40804 78
40804 2752
40804 1549
40804 4619
40804 2773
40804 6767
40804 8176
41616 1085
41616 742
41616 1987
41616 240
41616 8447
41616 4495
41616 729
41616 4838
41616 2728
41616 1052
42436 5146
42436 3905
42436 2662
42436 1890
42436 8338
42436 7403
42436 1769
42436 4804
42436 4380
42436 3505
43264 529
43264 3017
43264 3518
43264 7319
43264 6725
43264 4151
43264 4402
43264 4690
43264 6563
43264 3946
44100 617
44100 124
44100 659
44100 7307
44100 1169
44100 2694
44100 1836
44100 1500
44100 2322
44100 4069
44944 409
44944 6368
44944 1059
44944 4515
44944 1129
44944 1257
44944 1815
44944 454
44944 6517
44944 3119
45796 6976
45796 1177
45796 4337
45796 1688
45796 5943
45796 3981
45796 2450
45796 1006
45796 1825
45796 1502
46656 2522
46656 5748
46656 6305
46656 4014
46656 5055
46656 3896
46656 2912
46656 259
46656 7839
46656 2673
47524 8167
47524 3864
47524 3379
47524 9061
47524 1057
47524 1747
47524 10043
47524 2904
47524 8608
47524 4389
48400 2582
48400 9435
48400 349
48400 4578
48400 4506
48400 5775
48400 4311
48400 6204
48400 1251
48400 3583
49284 436
49284 1280
49284 4830
49284 7599
49284 6638
49284 7581
49284 1735
49284 8365
49284 7484
49284 4394
50176 5418
50176 5314
50176 8364
50176 2838
50176 547
50176 945
50176 5934
50176 6581
50176 1937
50176 526
51076 2907
51076 2041
51076 1807
51076 444
51076 1323
51076 1383
51076 5327
51076 556
51076 3011
51076 3033
51984 4872
51984 1882
51984 4037
51984 4180
51984 432
51984 173
51984 2307
51984 7379
51984 2564
51984 155
52900 1554
52900 4388
52900 2609
52900 6562
52900 219
52900 7631
52900 8587
52900 277
52900 1801
52900 2903
53824 330
53824 10028
53824 2672
53824 593
53824 917
53824 1496
53824 7119
53824 7271
53824 1104
53824 2368
54756 286
54756 1516
54756 12057
54756 3057
54756 1094
54756 1529
54756 4743
54756 7185
54756 9110
54756 3243
55696 282
55696 3684
55696 6129
55696 3957
55696 980
55696 758
55696 5886
55696 3194
55696 1685
55696 1695
56644 7879
56644 10413
56644 6986
56644 14412
56644 3640
56644 9070
56644 6651
56644 4764
56644 7936
56644 7144
57600 5634
57600 7368
57600 9762
57600 3511
57600 4791
57600 732
57600 9485
57600 5062
57600 7213
57600 12628
58564 132
58564 4143
58564 227
58564 11712
58564 1003
58564 1826
58564 6434
58564 1533
58564 8463
58564 3262
59536 2361
59536 8842
59536 5580
59536 4804
59536 4117
59536 7541
59536 554
59536 1938
59536 7114
59536 9236
60516 4671
60516 9858
60516 8106
60516 7506
60516 1074
60516 4276
60516 10253
60516 3589
60516 3690
60516 2794
61504 3047
61504 11738
61504 1089
61504 5040
61504 5748
61504 7864
61504 1228
61504 10705
61504 4270
61504 3604
62500 5596
62500 2897
62500 8701
62500 2635
62500 3044
62500 6994
62500 9836
62500 1880
62500 2148
62500 2647
63504 6384
63504 2927
63504 1493
63504 3964
63504 4634
63504 11824
63504 253
63504 1545
63504 4969
63504 2893
64516 6918
64516 8683
64516 5759
64516 317
64516 608
64516 4322
64516 590
64516 9776
64516 1236
64516 543
65536 4461
65536 2898
65536 6023
65536 14316
65536 4373
65536 3096
65536 248
65536 8524
65536 6879
65536 4013
