4 0.0 0 0
16 1.0 1 1
36 1.0 0 1
64 1.0 0 1
100 1.0 1 1
144 1.0 1 1
196 1.0 1 2
256 2.0 1 3
324 2.0 1 2
400 3.0 2 4
484 3.0 1 4
576 4.0 2 6
676 8.0 3 12
784 9.0 7 13
900 7.0 4 11
1024 13.0 5 18
1156 13.0 6 21
1296 11.0 6 16
1444 23.0 17 31
1600 15.0 11 24
1764 39.0 32 44
1936 23.0 15 29
2116 26.0 19 31
2304 49.0 17 70
2500 34.0 23 51
2704 58.0 52 64
2916 48.0 22 60
3136 25.0 19 31
3364 82.0 51 101
3600 55.0 29 105
3844 103.0 40 173
4096 65.0 47 94
4356 33.0 23 43
4624 110.0 49 150
4900 45.0 34 74
5184 128.0 55 171
5476 78.0 52 88
5776 149.0 42 255
6084 174.0 119 236
6400 220.0 122 306
6724 213.0 175 280
7056 265.0 162 341
7396 181.0 91 319
7744 171.0 141 210
8100 239.0 132 379
8464 225.0 81 326
8836 287.0 256 325
9216 373.0 229 566
9604 284.0 213 411
10000 162.0 81 225
10404 377.0 154 586
10816 232.0 151 381
11236 433.0 220 718
11664 695.0 350 1091
12100 51.0 39 65
12544 459.0 286 626
12996 440.0 396 514
13456 872.0 319 1230
13924 1095.0 200 1470
14400 1039.0 476 1458
14884 1210.0 792 1511
15376 1141.0 776 1693
15876 1031.0 300 1753
16384 849.0 502 1348
16900 1232.0 1062 1544
17424 1017.0 823 1145
17956 1029.0 714 1451
18496 1542.0 1081 1804
19044 1155.0 612 1533
19600 794.0 305 1299
20164 1364.0 853 1770
20736 909.0 712 1065
21316 707.0 250 1261
21904 1303.0 832 1693
22500 1753.0 1094 2556
23104 1530.0 1040 2110
23716 1141.0 738 1644
24336 961.0 463 1329
24964 1738.0 1298 2216
25600 2289.0 1265 3621
26244 2161.0 2003 2259
26896 2391.0 1694 3093
27556 2119.0 2065 2197
28224 2301.0 1235 3058
28900 1916.0 1344 2481
29584 906.0 390 1562
30276 3144.0 2706 3694
30976 1804.0 1578 2400
31684 2854.0 2571 3174
32400 1368.0 1096 2045
33124 3434.0 2313 4045
33856 2278.0 1921 2427
34596 3030.0 1712 3859
35344 2108.0 1380 2921
36100 1791.0 1481 2179
36864 2175.0 1675 2466
37636 3492.0 2893 5050
38416 1452.0 634 3292
39204 2335.0 1201 3493
40000 4087.0 2808 5504
40804 3728.0 2752 4766
41616 1713.0 1052 2728
42436 4149.0 3505 4804
43264 4297.0 3946 4690
44100 1707.0 1169 2322
44944 1830.0 1129 3119
45796 2486.0 1688 3981
46656 3969.0 2912 5055
47524 4950.0 3379 8167
48400 4245.0 3583 4578
49284 5837.0 4394 7484
50176 4876.0 2838 5934
51076 2442.0 1807 3011
51984 2698.0 1882 4037
52900 2925.0 1801 4388
53824 3414.0 1496 7119
54756 3143.0 1529 4743
55696 3133.0 1695 3957
56644 7486.0 6986 7936
57600 6319.0 5062 7368
58564 2691.0 1533 4143
59536 5404.0 4117 7114
60516 5036.0 3690 7506
61504 4666.0 3604 5748
62500 3546.0 2647 5596
63504 3605.0 2893 4634
64516 2981.0 608 5759
65536 4718.0 4013 6023
