4 0.0 0 1
16 1.0 0 1
36 1.0 0 2
64 1.0 0 3
100 1.0 0 2
144 1.0 0 2
196 1.0 1 2
256 2.0 0 4
324 1.0 0 2
400 3.0 0 9
484 3.0 0 7
576 5.0 1 11
676 8.0 1 17
784 9.0 3 19
900 7.0 1 13
1024 12.0 3 27
1156 12.0 2 30
1296 11.0 1 26
1444 24.0 1 77
1600 15.0 2 33
1764 33.0 3 63
1936 29.0 6 69
2116 26.0 5 52
2304 49.0 5 120
2500 39.0 12 77
2704 71.0 32 150
2916 54.0 13 157
3136 29.0 6 62
3364 77.0 9 174
3600 82.0 2 281
3844 96.0 9 206
4096 98.0 10 326
4356 48.0 5 124
4624 102.0 9 255
4900 69.0 20 250
5184 120.0 2 311
5476 80.0 4 178
5776 154.0 8 507
6084 166.0 45 378
6400 177.0 31 350
6724 200.0 38 581
7056 214.0 70 377
7396 174.0 4 433
7744 216.0 35 506
8100 225.0 89 495
8464 198.0 15 589
8836 374.0 37 943
9216 322.0 85 643
9604 286.0 26 736
10000 184.0 25 684
10404 444.0 31 1082
10816 303.0 44 899
11236 533.0 75 1533
11664 709.0 188 1563
12100 315.0 29 1519
12544 417.0 29 1058
12996 512.0 88 1681
13456 724.0 20 1395
13924 800.0 21 1706
14400 852.0 19 2131
14884 1026.0 151 1962
15376 1202.0 55 3556
15876 890.0 51 2327
16384 819.0 119 1965
16900 1117.0 307 2147
17424 981.0 154 2074
17956 994.0 220 1801
18496 1289.0 49 2579
19044 1069.0 310 2222
19600 789.0 61 2570
20164 1457.0 124 4073
20736 733.0 94 1483
21316 808.0 112 2964
21904 1330.0 200 3429
22500 1523.0 131 3490
23104 1493.0 116 3830
23716 1050.0 44 3031
24336 1121.0 59 3153
24964 1421.0 292 2739
25600 2336.0 174 4861
26244 1769.0 87 4357
26896 2149.0 434 3713
27556 1752.0 580 2898
28224 1828.0 54 4350
28900 1703.0 48 3815
29584 1279.0 125 5037
30276 2304.0 79 5339
30976 1678.0 68 3527
31684 2872.0 841 6320
32400 1723.0 587 4511
33124 2917.0 374 6472
33856 2499.0 446 4509
34596 2616.0 454 5223
35344 2371.0 301 6422
36100 2485.0 125 5486
36864 2357.0 336 7110
37636 3775.0 269 6587
38416 1779.0 33 6159
39204 2033.0 98 4316
40000 3940.0 501 8048
40804 3311.0 78 8176
41616 2634.0 240 8447
42436 4380.0 1769 8338
43264 4486.0 529 7319
44100 2230.0 124 7307
44944 2664.0 409 6517
45796 3089.0 1006 6976
46656 4122.0 259 7839
47524 5322.0 1057 10043
48400 4257.0 349 9435
49284 5034.0 436 8365
50176 3840.0 526 8364
51076 2183.0 444 5327
51984 2798.0 155 7379
52900 3653.0 219 8587
53824 3390.0 330 10028
54756 4382.0 286 12057
55696 2825.0 282 6129
56644 7890.0 3640 14412
57600 6619.0 732 12628
58564 3874.0 132 11712
59536 5209.0 554 9236
60516 5582.0 1074 10253
61504 5433.0 1089 11738
62500 4638.0 1880 9836
63504 4089.0 253 11824
64516 3875.0 317 9776
65536 5483.0 248 14316
